N/A:0.584777
g:0.492417
u:0.48776
y:0.485714
j:0.48445
f:0.483603
d:0.48355
h:0.476135
k:0.469776
i:0.469594
x:0.469417
z:0.465581
v:0.463827
l:0.462552
n:0.46203
s:0.460673
e:0.459362
b:0.45349
o:0.452397
c:0.452117
r:0.44927
m:0.448956
q:0.440554
p:0.44035
w:0.439003
a:0.437357
t:0.427799