N/A:0.353373
g:0.302432
u:0.302428
j:0.299229
y:0.2984
h:0.297247
f:0.295453
x:0.293516
z:0.293382
d:0.292515
k:0.291251
i:0.289608
n:0.288987
r:0.285059
l:0.284768
v:0.284201
m:0.283443
e:0.283164
c:0.282938
b:0.281906
s:0.280989
o:0.277109
a:0.276867
q:0.275274
p:0.273803
w:0.271675

[-1.5,1.0,"0.277"],[-2.5,5.5,"0.282"],[-2.5,3.5,"0.283"],[-1.5,3.0,"0.293"],[-0.5,2.5,"0.283"],[-1.5,4.0,"0.295"],[-1.5,5.0,"0.302"],[-1.5,6.0,"0.297"],[-0.5,7.5,"0.290"],[-1.5,7.0,"0.299"],[-1.5,8.0,"0.291"],[-1.5,9.0,"0.285"],[-2.5,7.5,"0.283"],[-2.5,6.5,"0.289"],[-0.5,8.5,"0.277"],[-0.5,9.5,"0.274"],[-0.5,0.5,"0.275"],[-0.5,3.5,"0.285"],[-1.5,2.0,"0.281"],[-0.5,4.5,"0.270"],[-0.5,6.5,"0.302"],[-2.5,4.5,"0.284"],[-0.5,1.5,"0.272"],[-2.5,2.5,"0.294"],[-0.5,5.5,"0.298"],[-2.5,1.5,"0.293"],