N/A:0.543471
g:0.475966
u:0.47193
y:0.471665
j:0.469182
d:0.468715
f:0.468179
h:0.459537
k:0.454056
x:0.453309
i:0.452194
z:0.449993
v:0.44817
e:0.447085
n:0.446934
l:0.446553
s:0.445971
b:0.438226
r:0.438067
c:0.43775
o:0.435015
m:0.433598
q:0.429095
w:0.427701
a:0.424505
p:0.424407
t:0.415177

[-1.5,1.0,"0.4245"],[-2.5,5.5,"0.4382"],[-2.5,3.5,"0.4378"],[-1.5,3.0,"0.4687"],[-0.5,2.5,"0.4471"],[-1.5,4.0,"0.4682"],[-1.5,5.0,"0.4760"],[-1.5,6.0,"0.4595"],[-0.5,7.5,"0.4522"],[-1.5,7.0,"0.4692"],[-1.5,8.0,"0.4541"],[-1.5,9.0,"0.4466"],[-2.5,7.5,"0.4336"],[-2.5,6.5,"0.4469"],[-0.5,8.5,"0.4350"],[-0.5,9.5,"0.4244"],[-0.5,0.5,"0.4291"],[-0.5,3.5,"0.4381"],[-1.5,2.0,"0.4460"],[-0.5,4.5,"0.4152"],[-0.5,6.5,"0.4719"],[-2.5,4.5,"0.4482"],[-0.5,1.5,"0.4277"],[-2.5,2.5,"0.4533"],[-0.5,5.5,"0.4717"],[-2.5,1.5,"0.4500"]