N/A:0.3419
y:0.298528
u:0.295155
g:0.292284
j:0.288248
x:0.285685
v:0.285177
h:0.283739
f:0.28002
k:0.277819
c:0.277426
i:0.277154
n:0.277135
b:0.276668
d:0.273267
z:0.270546
l:0.266964
m:0.265064
o:0.26485
r:0.259968
e:0.258675
s:0.255284
t:0.253808
p:0.25213
w:0.239915
q:0.235526
a:0.234797