N/A:  0.353373 0.520484 0.653482 0.722079 0.78669 0.840018 0.903246 0.949474 0.985043 1.02769 1.0569 1.08974 1.11632
a: 0.276867 0.384558 0.490001 0.543467 0.580818 0.614407 0.640092 0.670625 0.699665 0.723159 0.741301 0.760444 0.780116
b: 0.281906 0.384619 0.488879 0.53566 0.578712 0.612872 0.645064 0.674511 0.698301 0.722303 0.74223 0.759756 0.777435
c: 0.282938 0.400376 0.482551 0.542362 0.577013 0.617793 0.650843 0.679983 0.71341 0.737363 0.75992 0.778925 0.795117
d: 0.292515 0.415679 0.513967 0.567306 0.610286 0.642878 0.683574 0.712776 0.73812 0.760315 0.786311 0.807106 0.82857
e: 0.283164 0.381989 0.462692 0.506295 0.56207 0.600727 0.62992 0.664545 0.689365 0.710589 0.731965 0.751562 0.775713
f: 0.295453 0.425048 0.521929 0.578993 0.616182 0.653324 0.698563 0.721391 0.7521 0.778749 0.801626 0.822132 0.842044
g: 0.302432 0.427629 0.522469 0.574429 0.615357 0.653466 0.685898 0.720717 0.743191 0.769294 0.792415 0.812418 0.837232
h: 0.297247 0.418013 0.508972 0.567654 0.612698 0.6476 0.677951 0.708509 0.734067 0.760386 0.783 0.803923 0.827101
i: 0.289608 0.408903 0.488838 0.555248 0.605326 0.643264 0.674547 0.703166 0.727419 0.751246 0.770772 0.791947 0.818529
j: 0.299229 0.413678 0.506523 0.56278 0.603868 0.638397 0.669224 0.697522 0.724733 0.747295 0.770412 0.790872 0.81025
k: 0.291251 0.405626 0.498667 0.549357 0.588858 0.619976 0.653462 0.682577 0.707708 0.73489 0.754448 0.773239 0.791585
l: 0.284768 0.398266 0.47931 0.531621 0.567898 0.598633 0.633753 0.666959 0.692896 0.713229 0.739085 0.757489 0.779206
m: 0.283443 0.390013 0.475645 0.525269 0.574761 0.602017 0.6305 0.655168 0.6861 0.708384 0.730477 0.747516 0.765224
n: 0.288987 0.399769 0.479982 0.536797 0.576531 0.608596 0.636121 0.662386 0.685766 0.711555 0.731843 0.748741 0.765838
o: 0.277109 0.389055 0.467289 0.531707 0.580348 0.610554 0.639956 0.666976 0.694943 0.720207 0.741131 0.76383 0.788021
p: 0.273803 0.379757 0.452202 0.512442 0.560084 0.587006 0.62043 0.643843 0.665713 0.697422 0.718638 0.739427 0.7591
q: 0.275274 0.372433 0.468782 0.508406 0.553049 0.58916 0.617349 0.646407 0.669021 0.692959 0.713689 0.734693 0.75305
r: 0.285059 0.38557 0.460263 0.520319 0.564518 0.601293 0.634453 0.668806 0.695741 0.722198 0.74546 0.77406 0.800933
s: 0.280989 0.390416 0.49735 0.554711 0.590516 0.629098 0.655802 0.684743 0.712192 0.732657 0.754435 0.771563 0.796495
t: 0.270084 0.383651 0.466087 0.537162 0.573255 0.610873 0.638895 0.674948 0.711733 0.735615 0.762194 0.783798 0.818424
u: 0.302428 0.432934 0.5272 0.57934 0.61674 0.65468 0.684474 0.718063 0.747838 0.768094 0.791441 0.815667 0.840955
v: 0.284201 0.403381 0.483041 0.535657 0.5798 0.618943 0.655222 0.684292 0.706622 0.729348 0.752447 0.771188 0.789128
w: 0.271675 0.368369 0.46122 0.499066 0.542415 0.587341 0.614921 0.650435 0.679209 0.702321 0.721851 0.744882 0.766818
x: 0.293516 0.410115 0.502774 0.549647 0.588578 0.626828 0.660618 0.68912 0.721631 0.74519 0.765491 0.783425 0.799368
y: 0.2984 0.426678 0.500381 0.550549 0.600724 0.642548 0.683466 0.715428 0.742916 0.767938 0.79373 0.82061 0.837494
z: 0.293382 0.414184 0.506182 0.548828 0.593889 0.627124 0.661302 0.688941 0.711162 0.737528 0.759244 0.780769 0.799954