N/A:  0.543471 0.760933 0.891286 0.961749 1.03608 1.09238 1.14831 1.18862 1.22253 1.25938 1.29918 1.33732 1.37121
a: 0.424505 0.58517 0.695413 0.771125 0.816414 0.854314 0.885284 0.918483 0.949041 0.973687 0.995143 1.01411 1.03488
b: 0.438226 0.604555 0.707622 0.77444 0.816787 0.856574 0.886179 0.915659 0.943025 0.970256 0.992354 1.01058 1.02887
c: 0.43775 0.615781 0.719504 0.783859 0.824857 0.863699 0.891103 0.921151 0.947077 0.972867 0.99797 1.0199 1.04288
d: 0.468715 0.641007 0.745895 0.814023 0.869453 0.907567 0.939257 0.977076 1.00308 1.02708 1.0509 1.07424 1.09505
e: 0.447085 0.578701 0.694396 0.747943 0.815251 0.869831 0.903027 0.930854 0.959365 0.985109 1.00846 1.02983 1.05695
f: 0.468179 0.644392 0.750804 0.81965 0.87144 0.909832 0.949364 0.978587 1.01104 1.03495 1.0601 1.08411 1.10642
g: 0.475966 0.655664 0.752185 0.822761 0.866441 0.904946 0.935017 0.969372 1.00489 1.036 1.05877 1.08349 1.10507
h: 0.459537 0.63588 0.718264 0.797454 0.852321 0.89577 0.930253 0.960972 0.995213 1.0284 1.0524 1.07598 1.09781
i: 0.452194 0.619605 0.727893 0.794048 0.85256 0.899533 0.935048 0.965697 0.991414 1.01311 1.03785 1.05659 1.08536
j: 0.469182 0.639809 0.71813 0.790294 0.840623 0.889007 0.920666 0.953185 0.988242 1.02492 1.04898 1.07127 1.09372
k: 0.454056 0.630975 0.713338 0.776935 0.826849 0.876999 0.919152 0.944472 0.973075 1.007 1.03577 1.0554 1.0769
l: 0.446553 0.615688 0.691882 0.741495 0.802025 0.844333 0.886441 0.91989 0.956105 0.980086 1.00423 1.03404 1.05783
m: 0.433598 0.589435 0.687503 0.758339 0.798484 0.83933 0.867983 0.899269 0.922167 0.947509 0.976869 0.996538 1.01665
n: 0.446934 0.612388 0.699067 0.770306 0.810737 0.84995 0.881273 0.911119 0.934735 0.961306 0.979722 1.00127 1.02424
o: 0.435015 0.592115 0.693644 0.76663 0.829285 0.869984 0.90174 0.935608 0.965629 0.993993 1.01779 1.04722 1.06737
p: 0.424407 0.571114 0.665525 0.735912 0.794705 0.831244 0.876028 0.906682 0.931991 0.964668 0.988098 1.01349 1.03022
q: 0.429095 0.573853 0.672647 0.732525 0.782236 0.821974 0.860728 0.895345 0.934342 0.958011 0.979919 1.00514 1.02869
r: 0.438067 0.565671 0.682872 0.770682 0.826565 0.868048 0.901195 0.933033 0.95851 0.99096 1.02024 1.0521 1.07423
s: 0.445971 0.604745 0.718563 0.790659 0.838946 0.881554 0.908963 0.942511 0.96914 0.996981 1.02071 1.04027 1.0617
t: 0.415177 0.560672 0.689756 0.770915 0.829383 0.87052 0.911299 0.942242 0.97807 1.01007 1.03673 1.06354 1.08768
u: 0.47193 0.655725 0.752239 0.815336 0.867248 0.909766 0.942714 0.976644 1.0041 1.02944 1.05198 1.07904 1.10939
v: 0.44817 0.62983 0.724665 0.782892 0.829245 0.865948 0.895897 0.92479 0.95056 0.979919 1.00207 1.02258 1.04662
w: 0.427701 0.564399 0.671548 0.731345 0.785498 0.833157 0.866221 0.902688 0.940119 0.963781 0.985394 1.01275 1.03182
x: 0.453309 0.630637 0.729077 0.791118 0.83306 0.869909 0.898904 0.926893 0.953569 0.984277 1.00841 1.03008 1.04757
y: 0.471665 0.649755 0.736322 0.797758 0.851801 0.904941 0.950867 0.979393 1.01282 1.03597 1.06056 1.08534 1.10848
z: 0.449993 0.630743 0.723574 0.789107 0.832445 0.870221 0.898541 0.931024 0.96374 0.987579 1.01154 1.0366 1.05615